

                  Jacobiµü´ú·¨


  1  0.90000000  0.70000000  0.60000000
  2  0.97000000  0.91000000  0.88000000
  3  0.99100000  0.97300000  0.96400000
  4  0.99730000  0.99190000  0.98920000
  5  0.99919000  0.99757000  0.99676000
  6  0.99975700  0.99927100  0.99902800
  7  0.99992710  0.99978130  0.99970840
  8  0.99997813  0.99993439  0.99991252
  9  0.99999344  0.99998032  0.99997376
 10  0.99999803  0.99999410  0.99999213
 11  0.99999941  0.99999823  0.99999764
 12  0.99999982  0.99999947  0.99999929
 13  0.99999995  0.99999984  0.99999979
 14  0.99999998  0.99999995  0.99999994
