           1   1.00000000000000       0.392699081698724     
           2  0.500000000000000       0.348771003583907     
           3  0.250000000000000       0.337193879218859     
           4  0.125000000000000       0.334298029698348     
           5  6.250000000000000E-002  0.333574472267674     
           6  3.125000000000000E-002  0.333393615751437     
           7  1.562500000000000E-002  0.333348403791302     
           8  7.812500000000000E-003  0.333337100938635     
           9  3.906250000000000E-003  0.333334275234080     
          10  1.953125000000000E-003  0.333333568808484     
          11  9.765625000000000E-004  0.333333392202121     
          12  4.882812500000000E-004  0.333333348050473     
          13  2.441406250000000E-004  0.333333337012618     
          14  1.220703125000000E-004  0.333333334253439     
          15  6.103515625000000E-005  0.333333333563132     
          16  3.051757812500000E-005  0.333333333392147     
          17  1.525878906250000E-005  0.333333333346673     
          18  7.629394531250000E-006  0.333333333335759     
          19  3.814697265625000E-006  0.333333333343035     
          20  1.907348632812500E-006  0.333333333313931     
          21  9.536743164062500E-007  0.333333333372138     
          22  4.768371582031250E-007  0.333333333372138     
          23  2.384185791015625E-007  0.333333333255723     
          24  1.192092895507812E-007  0.333333333022892     
          25  5.960464477539062E-008  0.333333333954215     
          26  2.980232238769531E-008  0.333333332091570     
          27  1.490116119384766E-008  0.333333332091570     
          28  7.450580596923828E-009  0.333333328366280     
          29  3.725290298461914E-009  0.333333343267441     
          30  1.862645149230957E-009  0.333333313465118     
          31  9.313225746154785E-010  0.333333373069763     
          32  4.656612873077393E-010  0.333333253860474     
          33  2.328306436538696E-010  0.333333492279053     
          34  1.164153218269348E-010  0.333333015441895     
          35  5.820766091346741E-011  0.333333969116211     
          36  2.910383045673370E-011  0.333332061767578     
          37  1.455191522836685E-011  0.333335876464844     
          38  7.275957614183426E-012  0.333328247070312     
          39  3.637978807091713E-012  0.333343505859375     
          40  1.818989403545856E-012  0.333312988281250     
          41  9.094947017729282E-013  0.333374023437500     
          42  4.547473508864641E-013  0.333251953125000     
          43  2.273736754432321E-013  0.333496093750000     
          44  1.136868377216160E-013  0.333007812500000     
          45  5.684341886080801E-014  0.333984375000000     
          46  2.842170943040401E-014  0.332031250000000     
          47  1.421085471520200E-014  0.335937500000000     
          48  7.105427357601002E-015  0.328125000000000     
          49  3.552713678800501E-015  0.343750000000000     
          50  1.776356839400250E-015  0.312500000000000     
