

                  RFµü´ú·¨


  1  1.50000000  1.50000000  1.50000000
  2  0.95249998  1.02000006  0.63750002
  3  1.21004999  1.20127502  1.04805000
  4  1.08736011  1.12721554  0.85671939
  5  1.14522671  1.15898045  0.94558382
  6  1.11813426  1.14492474  0.90434885
  7  1.13076421  1.15126546  0.92347486
  8  1.12489065  1.14837187  0.91460559
  9  1.12761843  1.14970130  0.91871801
 10  1.12635257  1.14908813  0.91681133
 11  1.12693975  1.14937157  0.91769531
 12  1.12666745  1.14924038  0.91728549
 13  1.12679371  1.14930114  0.91747548
 14  1.12673517  1.14927299  0.91738740
 15  1.12676231  1.14928604  0.91742824
 16  1.12674973  1.14927999  0.91740931
 17  1.12675556  1.14928279  0.91741808
 18  1.12675286  1.14928149  0.91741401
 19  1.12675411  1.14928210  0.91741590
 20  1.12675353  1.14928182  0.91741502
 21  1.12675380  1.14928195  0.91741543
 22  1.12675367  1.14928189  0.91741524
 23  1.12675373  1.14928192  0.91741533
