 picard迭代法中间结果
           1  0.606530659712633      -6.129144782002838E-002
           2  0.545239211892605       3.446388298546321E-002
           3  0.579703094878068      -1.963846693916638E-002
           4  0.560064627938902       1.110752103831325E-002
           5  0.571172148977215      -6.309201996891667E-003
           6  0.564862946980323       3.575100589742752E-003
           7  0.568438047570066      -2.028594823145435E-003
           8  0.566409452746921       1.150181515321647E-003
           9  0.567559634262242      -6.524213267710133E-004
          10  0.566907212935471       3.699830353071087E-004
          11  0.567277195970779      -2.098441170503840E-004
          12  0.567067351853728       1.190082339099785E-004
          13  0.567186360087638      -6.749583065235321E-005
          14  0.567118864256986       3.827945065881799E-005
          15  0.567157143707645      -2.171004837137058E-005
          16  0.567135433659273       1.231267135171077E-005
          17  0.567147746330625      -6.983060818255282E-006
          18  0.567140763269807       3.960392270241364E-006
          19  0.567144723662077      -2.246111131976036E-006
          20  0.567142477550945       1.273866462869755E-006
          21  0.567143751417408      -7.224649444248499E-007
          22  0.567143028952463       4.097411049341915E-007
          23  0.567143438693568      -2.323819315863673E-007
          24  0.567143206311637       1.317938490563719E-007
          25  0.567143338105486      -7.474599861279074E-008
          26  0.567143263359487       4.239169115738406E-008
