
    采用版本2计算函数1结果为：

       1     0.05000000     1.00004115
       2     0.10000000     1.00032517
       3     0.15000000     1.00108405
       4     0.20000000     1.00253850
       5     0.25000000     1.00489844
       6     0.30000000     1.00836357
       7     0.35000000     1.01312383
       8     0.40000000     1.01935992
       9     0.45000000     1.02724371
      10     0.50000000     1.03693870
      11     0.55000000     1.04860040
      12     0.60000000     1.06237675
      13     0.65000000     1.07840847
      14     0.70000000     1.09682942
      15     0.75000000     1.11776693
      16     0.80000000     1.14134211
      17     0.85000000     1.16767017
      18     0.90000000     1.19686072
      19     0.95000000     1.22901800
      20     1.00000000     1.26424116

    函数2计算结果为：

       1     1.05000000     0.15365432
       2     1.10000000     0.34591920
       3     1.15000000     0.58178135
       4     1.20000000     0.86664107
       5     1.25000000     1.20634361
       6     1.30000000     1.60721272
       7     1.35000000     2.07608655
       8     1.40000000     2.62035618
       9     1.45000000     3.24800681
      10     1.50000000     3.96766181
      11     1.55000000     4.78862994
      12     1.60000000     5.72095582
      13     1.65000000     6.77547394
      14     1.70000000     7.96386643
      15     1.75000000     9.29872484
      16     1.80000000    10.79361616
      17     1.85000000    12.46315349
      18     1.90000000    14.32307147
      19     1.95000000    16.39030698
      20     2.00000000    18.68308533
