
    采用版本1计算函数1结果为：

       1     0.05000000     1.00004115
       2     0.10000000     1.00032517
       3     0.15000000     1.00108405
       4     0.20000000     1.00253850
       5     0.25000000     1.00489844
       6     0.30000000     1.00836357
       7     0.35000000     1.01312383
       8     0.40000000     1.01935992
       9     0.45000000     1.02724371
      10     0.50000000     1.03693870
      11     0.55000000     1.04860040
      12     0.60000000     1.06237675
      13     0.65000000     1.07840847
      14     0.70000000     1.09682942
      15     0.75000000     1.11776693
      16     0.80000000     1.14134211
      17     0.85000000     1.16767017
      18     0.90000000     1.19686072
      19     0.95000000     1.22901800
      20     1.00000000     1.26424116
