
    采用Gill方法计算微分方程：

        1     0.05000000     1.02634656
        2     0.10000000     1.05549514
        3     0.15000000     1.08780570
        4     0.20000000     1.12370814
        5     0.25000000     1.16371977
        6     0.30000000     1.20846811
        7     0.35000000     1.25872131
        8     0.40000000     1.31542931
        9     0.45000000     1.37978031
       10     0.50000000     1.45327971
       11     0.55000000     1.53786261
       12     0.60000000     1.63605781
       13     0.65000000     1.75123294
       14     0.70000000     1.88797164
       15     0.75000000     2.05267378
       16     0.80000000     2.25454879
       17     0.85000000     2.50733839
       18     0.90000000     2.83247817
       19     0.95000000     3.26532042
       20     1.00000000     3.86852431
