
    DFP方法H矩阵序列为：

    iter=   1
    0.3333331840    0.0021086068    0.0016605204
    0.0000102385   -0.0308688253   -0.0001527577
    0.0000161570    0.0015358359    0.0500076828


    iter=   2
    0.3344372773    0.0008166496    0.0003436749
   -0.0023109383   -0.0302418744    0.0023169055
   -0.0003706664    0.0027619617    0.0505796669


    iter=   3
    0.3347465856    0.0000923753    0.0001264187
    0.0000498164   -0.0545071297   -0.0013364636
   -0.0006152287   -0.0013443512    0.0502532185


    iter=   4
    0.3348236231    0.0000064424    0.0000442658
   -0.0001065610   -0.0591926213   -0.0014172857
   -0.0007112128   -0.0014040040    0.0503470828


    iter=   5
    0.3348299588    0.0000103334    0.0000419415
    0.0000146919   -0.0616651107   -0.0015433676
   -0.0007118937   -0.0015476048    0.0503427453


    iter=   6
    0.3348338005   -0.0000122464    0.0000400061
   -0.0000364824   -0.0617495100   -0.0015318121
   -0.0007158479   -0.0015249547    0.0503447155


    iter=   7
    0.3359260250    0.0003438095   -0.0002362068
    0.0005157805   -0.0632140367   -0.0017056005
   -0.0010835733   -0.0018023000    0.0504344420


