
    Broyden Hæÿ’Û–Ú¡–Œ™£∫

    0.3333331840    0.0021086068    0.0016605204
    0.0000102385   -0.0308688253   -0.0001527577
    0.0000161570    0.0015358359    0.0500076828


    0.3348909937    0.0021184613    0.0016682808
    0.0000102864   -0.0310130886   -0.0001534716
    0.0000162325    0.0015430135    0.0502413902


    0.5772941813    0.0036518610    0.0028758277
    0.0000177319   -0.0534612036   -0.0002645585
    0.0000279821    0.0026598886    0.0866074716


    0.6365913495    0.0040269644    0.0031712203
    0.0000195533   -0.0589525079   -0.0002917328
    0.0000308563    0.0029331009    0.0955034175


    0.6652119891    0.0042080135    0.0033137958
    0.0000204324   -0.0616029656   -0.0003048489
    0.0000322435    0.0030649708    0.0997971751


    0.5206610321    0.0032936097    0.0025937060
    0.0000159924   -0.0482166049   -0.0002386050
    0.0000252370    0.0023989508    0.0781111901


    0.3342510530    0.0021144131    0.0016650929
    0.0000102667   -0.0309538259   -0.0001531783
    0.0000162015    0.0015400650    0.0501453843


    0.3343342453    0.0021149394    0.0016655073
    0.0000102693   -0.0309615301   -0.0001532165
    0.0000162055    0.0015404483    0.0501578651


