           矩阵方程的计算

     6    4   ：维数


    0.3536    1.9417    3.9875    6.0472   -1.1708    6.7868
    3.7973    4.7905   -1.0219    3.0987   -0.6007    4.1269
   -1.6345    4.1504   -2.6946    3.1767    5.8651    2.0047
    4.2123    6.0372    4.4407    5.5944   -2.7133    1.7109
   -1.9324    5.9092    2.0002    5.0549    1.8990   -2.4038
    3.5376    0.3416    1.7992    2.7672   -1.3207    3.8197   ：END OF MATRIX A
    
   37.0470   47.8904   43.4260   58.1625
   15.7628   32.4402   39.1398   28.9118
   27.8315   31.5944   13.9424   14.0300
   13.2330   41.2434   63.2477   58.9792
    7.3051   18.5900   30.0510   34.2702
   17.1150   32.1133   32.2324   29.5552  ：END OF MATRIX B