                   牛顿法计算的中间结果
           1   1.45833333333333       1.606204185956894E-002
           2   1.43660714285714       4.075556185719975E-003
           3   1.42549761941756       1.026783518798702E-003
           4   1.41987792168383       2.577088417465845E-004
           5   1.41705139127582       6.455552857964619E-005
           6   1.41563389760442       1.615503010210517E-005
           7   1.41492408625178       4.040782846992386E-006
           8   1.41456891351237       1.010449306448891E-006
           9   1.41439126025950       2.526440523453743E-007
          10   1.41430241689773       6.316498080138899E-008
          11   1.41425799103102       1.579174035981623E-008
          12   1.41423577705225       3.947996596309622E-009
          13   1.41422466980323       9.870078088169976E-010
          14   1.41421911610984       2.467528403826691E-010
          15   1.41421633924764       6.168932031869190E-011
          16   1.41421495079054       1.542055372283357E-011
          17   1.41421425663102       3.855582519918244E-012
          18   1.41421390953562       9.645617637943360E-013
          19   1.41421373588471       2.398081733190338E-013
