
    采用Adams3方法计算方程组

     0.01500   0.99989  -0.01500  -0.98511
     0.02000   0.99980  -0.02000  -0.98020
     0.02500   0.99969  -0.02500  -0.97531
     0.03000   0.99955  -0.03000  -0.97045
     0.03500   0.99939  -0.03499  -0.96561
     0.04000   0.99920  -0.03999  -0.96079
     0.04500   0.99899  -0.04498  -0.95600
     0.05000   0.99875  -0.04998  -0.95123
     0.05500   0.99849  -0.05497  -0.94649
     0.06000   0.99820  -0.05996  -0.94176
     0.06500   0.99789  -0.06495  -0.93707
     0.07000   0.99755  -0.06994  -0.93239
     0.07500   0.99719  -0.07493  -0.92774
     0.08000   0.99680  -0.07991  -0.92312
     0.08500   0.99639  -0.08490  -0.91851
     0.09000   0.99595  -0.08988  -0.91393
     0.09500   0.99549  -0.09486  -0.90937
     0.10000   0.99500  -0.09983  -0.90484
     0.10500   0.99449  -0.10481  -0.90032
     0.11000   0.99396  -0.10978  -0.89583
     0.11500   0.99339  -0.11475  -0.89137
     0.12000   0.99281  -0.11971  -0.88692
     0.12500   0.99220  -0.12467  -0.88250
     0.13000   0.99156  -0.12963  -0.87810
     0.13500   0.99090  -0.13459  -0.87372
     0.14000   0.99022  -0.13954  -0.86936
     0.14500   0.98951  -0.14449  -0.86502
     0.15000   0.98877  -0.14944  -0.86071
     0.15500   0.98801  -0.15438  -0.85642
     0.16000   0.98723  -0.15932  -0.85214
     0.16500   0.98642  -0.16425  -0.84789
     0.17000   0.98558  -0.16918  -0.84366
     0.17500   0.98473  -0.17411  -0.83946
     0.18000   0.98384  -0.17903  -0.83527
     0.18500   0.98294  -0.18395  -0.83110
     0.19000   0.98200  -0.18886  -0.82696
     0.19500   0.98105  -0.19377  -0.82283
     0.20000   0.98007  -0.19867  -0.81873
     0.20500   0.97906  -0.20357  -0.81465
     0.21000   0.97803  -0.20846  -0.81058
     0.21500   0.97698  -0.21335  -0.80654
     0.22000   0.97590  -0.21823  -0.80252
     0.22500   0.97479  -0.22311  -0.79852
     0.23000   0.97367  -0.22798  -0.79453
     0.23500   0.97251  -0.23284  -0.79057
     0.24000   0.97134  -0.23770  -0.78663
     0.24500   0.97014  -0.24256  -0.78270
     0.25000   0.96891  -0.24740  -0.77880
     0.25500   0.96766  -0.25225  -0.77492
     0.26000   0.96639  -0.25708  -0.77105
     0.26500   0.96509  -0.26191  -0.76721
     0.27000   0.96377  -0.26673  -0.76338
     0.27500   0.96243  -0.27155  -0.75957
     0.28000   0.96106  -0.27636  -0.75578
     0.28500   0.95966  -0.28116  -0.75201
     0.29000   0.95824  -0.28595  -0.74826
     0.29500   0.95680  -0.29074  -0.74453
     0.30000   0.95534  -0.29552  -0.74082
     0.30500   0.95385  -0.30029  -0.73712
     0.31000   0.95233  -0.30506  -0.73345
     0.31500   0.95080  -0.30982  -0.72979
     0.32000   0.94924  -0.31457  -0.72615
     0.32500   0.94765  -0.31931  -0.72253
     0.33000   0.94604  -0.32404  -0.71892
     0.33500   0.94441  -0.32877  -0.71534
     0.34000   0.94275  -0.33349  -0.71177
     0.34500   0.94108  -0.33820  -0.70822
     0.35000   0.93937  -0.34290  -0.70469
     0.35500   0.93765  -0.34759  -0.70117
     0.36000   0.93590  -0.35227  -0.69768
     0.36500   0.93412  -0.35695  -0.69420
     0.37000   0.93233  -0.36162  -0.69073
     0.37500   0.93051  -0.36627  -0.68729
     0.38000   0.92866  -0.37092  -0.68386
     0.38500   0.92680  -0.37556  -0.68045
     0.39000   0.92491  -0.38019  -0.67706
     0.39500   0.92300  -0.38481  -0.67368
     0.40000   0.92106  -0.38942  -0.67032
     0.40500   0.91910  -0.39402  -0.66698
     0.41000   0.91712  -0.39861  -0.66365
     0.41500   0.91512  -0.40319  -0.66034
     0.42000   0.91309  -0.40776  -0.65705
     0.42500   0.91104  -0.41232  -0.65377
     0.43000   0.90897  -0.41687  -0.65051
     0.43500   0.90687  -0.42141  -0.64726
     0.44000   0.90475  -0.42594  -0.64404
     0.44500   0.90261  -0.43046  -0.64082
     0.45000   0.90045  -0.43497  -0.63763
     0.45500   0.89826  -0.43946  -0.63445
     0.46000   0.89605  -0.44395  -0.63128
     0.46500   0.89382  -0.44842  -0.62814
     0.47000   0.89157  -0.45289  -0.62500
     0.47500   0.88929  -0.45734  -0.62189
     0.48000   0.88699  -0.46178  -0.61878
     0.48500   0.88467  -0.46621  -0.61570
     0.49000   0.88233  -0.47063  -0.61263
     0.49500   0.87997  -0.47503  -0.60957
     0.50000   0.87758  -0.47943  -0.60653
