

                  JORµü´ú·¨


  1  0.59428569  0.48533332 -0.09454545  0.00000000
  2  0.44034772  0.11475120  0.11338250 -0.14889557
  3  0.48148565  0.16173590  0.07627040 -0.07495348
  4  0.49336413  0.15215906  0.05946363 -0.08654059
  5  0.49478866  0.14701903  0.06604866 -0.08203986
  6  0.49661801  0.14559013  0.06295508 -0.08215385
  7  0.49739517  0.14513343  0.06320843 -0.08145773
  8  0.49766899  0.14471058  0.06292982 -0.08147868
  9  0.49781886  0.14461168  0.06292268 -0.08135368
 10  0.49788045  0.14454094  0.06287352 -0.08134579
 11  0.49790866  0.14451665  0.06287002 -0.08132619
 12  0.49792109  0.14450347  0.06286164 -0.08132285
 13  0.49792675  0.14449845  0.06286025 -0.08131947
 14  0.49792923  0.14449587  0.06285883 -0.08131863
 15  0.49793035  0.14449484  0.06285847 -0.08131801
 16  0.49793085  0.14449434  0.06285821 -0.08131782
 17  0.49793107  0.14449413  0.06285813 -0.08131771
 18  0.49793117  0.14449403  0.06285809 -0.08131767
