           1   3.00000000000000        1.00000000000000     
           2   2.50000000000000       -2.12500000000000     
           3   2.75000000000000      -0.890625000000000     
           4   2.87500000000000      -3.320312500000000E-002
           5   2.93750000000000       0.460693359375000     
           6   2.90625000000000       0.208160400390625     
           7   2.89062500000000       8.609390258789062E-002
           8   2.88281250000000       2.610063552856445E-002
           9   2.87890625000000      -3.637254238128662E-003
          10   2.88085937500000       1.121016591787338E-002
          11   2.87988281250000       3.781077452003956E-003
          12   2.87939453125000       7.056735921651125E-005
          13   2.87915039062500      -1.783679457730614E-003
          14   2.87927246093750      -8.566400592826540E-004
          15   2.87933349609375      -3.930573532215931E-004
          16   2.87936401367188      -1.612502478849365E-004
          17   2.87937927246094      -4.534275706546964E-005
          18   2.87938690185547       1.261197289181837E-005
          19   2.87938308715820      -1.636547413319533E-005
          20   2.87938499450684      -1.876771132280908E-006
          21   2.87938594818115       5.367595751870624E-006
          22   2.87938547134399       1.745411028153399E-006
          23   2.87938523292542      -6.568037314025332E-008
          24   2.87938535213470       8.398652475705148E-007
          25   2.87938529253006       3.870924176752055E-007
          26   2.87938526272774       1.607060173824948E-007
          27   2.87938524782658       4.751282123294231E-008
