
    BFS方法H矩阵序列为：

    iter=   1
    0.3333331840    0.0021086068    0.0016605204
    0.0000102385   -0.0308688253   -0.0001527577
    0.0000161570    0.0015358359    0.0500076828


    iter=   2
    0.3344394379    0.0007871034    0.0003372340
   -0.0023155255   -0.0301791423    0.0023305808
   -0.0003714067    0.0027720853    0.0505818738


    iter=   3
    0.3346476413    0.0000937951    0.0001686036
    0.0000652752   -0.0545019170   -0.0013432949
   -0.0003311433   -0.0013486321    0.0501247966


    iter=   4
    0.3347139976    0.0000162494    0.0000957237
   -0.0000597815   -0.0591918888   -0.0014391899
   -0.0004126429   -0.0014302985    0.0502057763


    iter=   5
    0.3347168978    0.0000081268    0.0000944481
    0.0000093008   -0.0616554221   -0.0015412782
   -0.0004124026   -0.0015435411    0.0502021149


    iter=   6
    0.3347180653   -0.0000052051    0.0000937172
   -0.0000155068   -0.0617803354   -0.0015400880
   -0.0004137463   -0.0015374526    0.0502026310


    iter=   7
    0.3347700935    0.0000495876    0.0000867298
    0.0000715923   -0.0623905179   -0.0015670351
   -0.0004253221   -0.0015860360    0.0502033949


