           1  0.372937490731478      -6.192930535248364E-002
           2  0.311008185378994       5.320938064332409E-002
           3  0.364217566022318      -4.546638611107851E-002
           4  0.318751179911239       3.915457768159658E-002
           5  0.357905757592836      -3.357383659906577E-002
           6  0.324331920993770       2.894321415598361E-002
           7  0.353275135149754      -2.486802747561889E-002
           8  0.328407107674135       2.144740125151562E-002
           9  0.349854508925651      -1.844991728188128E-002
          10  0.331404591643769       1.591428105117015E-002
          11  0.347318872694939      -1.370033955172090E-002
          12  0.333618533143219       1.181746356916857E-002
          13  0.345435996712387      -1.017828783322966E-002
          14  0.335257708879158       8.778976207048650E-003
          15  0.344036685086206      -7.563600646881441E-003
          16  0.336473084439325       6.523291058753489E-003
          17  0.342996375498078      -5.621354053331584E-003
          18  0.337375021444747       4.847844991798134E-003
          19  0.342222866436545      -4.178147344494620E-003
          20  0.338044719092050       3.603005142381321E-003
          21  0.341647724234431      -3.105575043954645E-003
          22  0.338542149190477       2.677941531797845E-003
          23  0.341220090722275      -2.308382833395073E-003
          24  0.338911707888880       1.990440716675146E-003
          25  0.340902148605555      -1.715841044196365E-003
          26  0.339186307561358       1.479464852544854E-003
          27  0.340665772413903      -1.275403464439662E-003
          28  0.339390368949464       1.099675486616658E-003
          29  0.340490044436080      -9.480220702350883E-004
          30  0.339542022365845       8.173861479350286E-004
          31  0.340359408513780      -7.046754942212630E-004
          32  0.339654733019559       6.075637265583467E-004
          33  0.340262296746117      -5.237928733924369E-004
          34  0.339738503872725       4.516038258661759E-004
          35  0.340190107698591      -3.893405721163701E-004
          36  0.339800767126475       3.356790245045982E-004
          37  0.340136446150979      -2.894005991727622E-004
          38  0.339847045551806       2.495119538803436E-004
          39  0.340096557505687      -2.151141214413732E-004
          40  0.339881443384245       1.854636919790265E-004
          41  0.340066907076224      -1.598962203979148E-004
          42  0.339907010855827       1.378563327981697E-004
          43  0.340044867188625      -1.188522211234555E-004
          44  0.339926014967501       1.024695289158495E-004
          45  0.340028484496417      -8.834383993322481E-005
          46  0.339940140656484       7.616630729534446E-005
          47  0.340016306963779      -6.566669204821629E-005
          48  0.339950640271731       5.661495484055035E-005
          49  0.340007255226572      -4.881057547745371E-005
          50  0.339958444651094       4.208230363955678E-005
          51  0.340000526954734      -3.628128476457215E-005
          52  0.339964245669969       3.128008334979393E-005
          53  0.339995525753319      -2.696816163932914E-005
          54  0.339968557591680       2.325071638004106E-005
          55  0.339991808308060      -2.004564311847146E-005
          56  0.339971762664941       1.728242996412721E-005
          57  0.339989045094905      -1.490008070559323E-005
          58  0.339974145014200       1.284615905722264E-005
          59  0.339986991173257      -1.107534411232125E-005
          60  0.339975915829145       9.548646176638087E-006
          61  0.339985464475321      -8.232387843754019E-006
          62  0.339977232087477       7.097580371706602E-006
          63  0.339984329667849      -6.119196595877341E-006
          64  0.339978210471253       5.275684872407815E-006
          65  0.339983486156126      -4.548445362795306E-006
          66  0.339978937710763       3.921456305899795E-006
          67  0.339982859167069      -3.380893981830280E-006
          68  0.339979478273087       2.914848044988094E-006
          69  0.339982393121132      -2.513044148499954E-006
          70  0.339979880076983       2.166628552069394E-006
          71  0.339982046705536      -1.867964769031172E-006
          72  0.339980178740766       1.610471365875998E-006
          73  0.339981789212132      -1.388472367802596E-006
          74  0.339980400739765       1.197075534697944E-006
          75  0.339981597815299      -1.032062028227809E-006
          76  0.339980565753271       8.897952928910158E-007
          77  0.339981455548564      -7.671395207409226E-007
          78  0.339980688409043       6.613915683462146E-007
          79  0.339981349800612      -5.702206136160015E-007
          80  0.339980779579998       4.916173539926127E-007
          81  0.339981271197352      -4.238492983810183E-007
          82  0.339980847348054       3.654228972749252E-007
          83  0.339981212770951      -3.150503914417513E-007
          84  0.339980897720559       2.716216034870378E-007
          85  0.339981169342163      -2.341793402527159E-007
          86  0.339980935162823       2.018983924489959E-007
          87  0.339981137061215      -1.740672756489481E-007
          88  0.339980962993939       1.500726022896082E-007
          89  0.339981113066542      -1.293855230732888E-007
          90  0.339980983681019       1.115501004900210E-007
          91  0.339981095231119      -9.617323831756508E-008
          92  0.339980999057881       8.291603370569334E-008
