
               B¨¦zierÇúÏß

    0.000000    1.000000    1.000000
    0.050000    1.014375    1.285125
    0.100000    1.055000    1.541000
    0.150000    1.118125    1.768375
    0.200000    1.200000    1.968000
    0.250000    1.296875    2.140625
    0.300000    1.405000    2.287000
    0.350000    1.520625    2.407875
    0.400000    1.640000    2.504000
    0.450000    1.759375    2.576125
    0.500000    1.875000    2.625000
    0.550000    1.983125    2.651375
    0.600000    2.080000    2.656000
    0.650000    2.161875    2.639625
    0.700000    2.225000    2.603000
    0.750000    2.265625    2.546875
    0.800000    2.280000    2.472000
    0.850000    2.264375    2.379125
    0.900000    2.215000    2.269000
    0.950000    2.128125    2.142375
    1.000000    2.000000    2.000000
