
    四阶Adams预测校正方法计算方程组

     1.00000   1.00000   1.00000   1.00000
     1.05000   1.04826   0.94929   0.98003
     1.10000   1.09305   0.89735   0.96026
     1.15000   1.13445   0.84441   0.94086
     1.20000   1.17253   0.79068   0.92199
     1.25000   1.20738   0.73636   0.90382
     1.30000   1.23912   0.68161   0.88647
     1.35000   1.26784   0.62656   0.87008
     1.40000   1.29367   0.57133   0.85473
     1.45000   1.31671   0.51601   0.84054
     1.50000   1.33708   0.46068   0.82758
     1.55000   1.35487   0.40537   0.81592
     1.60000   1.37018   0.35014   0.80563
     1.65000   1.38310   0.29499   0.79675
     1.70000   1.39371   0.23994   0.78932
     1.75000   1.40206   0.18498   0.78338
     1.80000   1.40822   0.13010   0.77895
     1.85000   1.41221   0.07528   0.77606
     1.90000   1.41406   0.02050   0.77471
     1.95000   1.41380  -0.03428   0.77490
     2.00000   1.41141  -0.08907   0.77664
     2.05000   1.40687  -0.14390   0.77993
     2.10000   1.40017  -0.19880   0.78474
     2.15000   1.39126  -0.25378   0.79105
     2.20000   1.38007  -0.30886   0.79885
     2.25000   1.36656  -0.36403   0.80809
     2.30000   1.35063  -0.41928   0.81873
     2.35000   1.33220  -0.47460   0.83072
     2.40000   1.31117  -0.52994   0.84400
     2.45000   1.28744  -0.58524   0.85849
     2.50000   1.26089  -0.64043   0.87411
     2.55000   1.23142  -0.69542   0.89075
     2.60000   1.19891  -0.75008   0.90832
     2.65000   1.16325  -0.80426   0.92668
     2.70000   1.12435  -0.85781   0.94569
     2.75000   1.08210  -0.91052   0.96521
     2.80000   1.03644  -0.96218   0.98505
     2.85000   0.98731  -1.01253   1.00503
     2.90000   0.93467  -1.06131   1.02497
     2.95000   0.87853  -1.10823   1.04464
     3.00000   0.81892  -1.15298   1.06384
     3.05000   0.75590  -1.19524   1.08233
     3.10000   0.68960  -1.23469   1.09990
     3.15000   0.62016  -1.27098   1.11632
     3.20000   0.54779  -1.30381   1.13136
     3.25000   0.47274  -1.33286   1.14482
     3.30000   0.39531  -1.35784   1.15650
     3.35000   0.31583  -1.37850   1.16623
     3.40000   0.23468  -1.39461   1.17387
     3.45000   0.15226  -1.40599   1.17929
     3.50000   0.06902  -1.41253   1.18241
     3.55000  -0.01461  -1.41414   1.18318
     3.60000  -0.09815  -1.41081   1.18159
     3.65000  -0.18116  -1.40257   1.17766
     3.70000  -0.26318  -1.38951   1.17145
     3.75000  -0.34379  -1.37179   1.16307
     3.80000  -0.42260  -1.34960   1.15263
     3.85000  -0.49924  -1.32317   1.14031
     3.90000  -0.57338  -1.29276   1.12628
     3.95000  -0.64475  -1.25869   1.11073
     4.00000  -0.71312  -1.22126   1.09389
     4.05000  -0.77829  -1.18079   1.07597
     4.10000  -0.84013  -1.13762   1.05720
     4.15000  -0.89853  -1.09208   1.03781
     4.20000  -0.95345  -1.04448   1.01802
     4.25000  -1.00486  -0.99511   0.99805
     4.30000  -1.05278  -0.94428   0.97809
     4.35000  -1.09724  -0.89223   0.95835
     4.40000  -1.13831  -0.83920   0.93899
     4.45000  -1.17607  -0.78541   0.92019
     4.50000  -1.21062  -0.73103   0.90209
     4.55000  -1.24205  -0.67625   0.88483
     4.60000  -1.27049  -0.62118   0.86853
     4.65000  -1.29604  -0.56593   0.85330
     4.70000  -1.31882  -0.51061   0.83922
     4.75000  -1.33893  -0.45528   0.82638
     4.80000  -1.35647  -0.39998   0.81486
     4.85000  -1.37155  -0.34475   0.80470
     4.90000  -1.38424  -0.28961   0.79596
     4.95000  -1.39462  -0.23457   0.78868
     5.00000  -1.40276  -0.17962   0.78288
     5.05000  -1.40870  -0.12475   0.77860
     5.10000  -1.41248  -0.06993   0.77586
     5.15000  -1.41413  -0.01515   0.77466
     5.20000  -1.41366   0.03962   0.77500
     5.25000  -1.41106   0.09442   0.77690
     5.30000  -1.40631   0.14926   0.78033
     5.35000  -1.39940   0.20416   0.78529
     5.40000  -1.39027   0.25915   0.79175
     5.45000  -1.37886   0.31424   0.79969
     5.50000  -1.36511   0.36942   0.80907
     5.55000  -1.34894   0.42468   0.81984
     5.60000  -1.33026   0.48000   0.83196
     5.65000  -1.30897   0.53534   0.84536
     5.70000  -1.28497   0.59063   0.85996
     5.75000  -1.25815   0.64581   0.87569
     5.80000  -1.22838   0.70077   0.89243
     5.85000  -1.19557   0.75539   0.91008
     5.90000  -1.15960   0.80952   0.92851
     5.95000  -1.12037   0.86300   0.94758
     6.00000  -1.07780   0.91562   0.96713
