

                  SORµü´ú·¨


  1 -0.96000004  1.32480005  2.00755208  4.36468242
  2  1.07928838  2.06922277  3.32165609  3.98348357
  3  1.07398931  2.03165092  2.95705848  4.01082713
  4  0.98509090  1.98802700  3.00473511  3.99517693
  5  1.00008719  2.00239451  2.99849105  4.00108134
  6  1.00045462  1.99952434  3.00055626  3.99984796
  7  0.99989193  2.00013067  2.99985768  4.00001604
  8  1.00002267  1.99996143  3.00002850  3.99999830
  9  0.99999264  2.00001005  2.99999454  4.00000001
 10  1.00000257  1.99999764  3.00000115  4.00000016
 11  0.99999923  2.00000054  2.99999975  3.99999991
 12  1.00000020  1.99999988  3.00000005  4.00000003
 13  0.99999995  2.00000003  2.99999999  3.99999999
