  0.60000  0.54955  0.83501  0.91955
  1.20000  0.88575  0.46301  0.77392
  1.80000  0.99848  0.04502  0.70039
  2.40000  0.92680 -0.37409  0.74895
  3.00000  0.64256 -0.76529  0.88794
  3.60000  0.12786 -0.99081  0.99543
  4.20000 -0.44491 -0.89409  0.94765
  4.80000 -0.83330 -0.54999  0.80266
  5.40000 -0.98927 -0.13508  0.70649
  6.00000 -0.95716  0.28410  0.72870
  6.60000 -0.72352  0.68782  0.85514
  7.20000 -0.25251  0.96558  0.98281
  7.80000  0.33078  0.94128  0.97085
  8.40000  0.76979  0.63426  0.83398
  9.00000  0.97166  0.22516  0.71833
  9.60000  0.97841 -0.19377  0.71364
 10.20000  0.79278 -0.60505  0.82277
 10.80000  0.37109 -0.92545  0.96302
 11.40000 -0.20915 -0.97458  0.98762
 12.00000 -0.69474 -0.71429  0.86658
