
    采用RK4方法计算方程组

    0.120000    0.119566    0.992826    0.996348
    0.240000    0.236575    0.971613    0.985625
    0.360000    0.348665    0.937247    0.968504
    0.480000    0.453835    0.891085    0.946021
    0.600000    0.550554    0.834799    0.919464
    0.720000    0.637793    0.770208    0.890248
    0.840000    0.715009    0.699114    0.859807
    0.960000    0.782075    0.623184    0.829495
    1.080000    0.839178    0.543856    0.800529
    1.200000    0.886724    0.462298    0.773948
    1.320000    0.925232    0.379400    0.750607
    1.440000    0.955253    0.295791    0.731177
    1.560000    0.977297    0.211871    0.716165
    1.680000    0.991792    0.127861    0.705930
    1.800000    0.999038    0.043851    0.700699
    1.920000    0.999193   -0.040150    0.700586
    2.040000    0.992262   -0.124159    0.705593
    2.160000    0.978093   -0.208170    0.715611
    2.280000    0.956388   -0.292097    0.730419
    2.400000    0.926730   -0.375727    0.749664
    2.520000    0.888607   -0.458668    0.772846
    2.640000    0.841471   -0.540302    0.799301
    2.760000    0.784798   -0.619751    0.828182
    2.880000    0.718178   -0.695859    0.858459
    3.000000    0.641409   -0.767199    0.888922
    3.120000    0.554603   -0.832114    0.918222
    3.240000    0.458285   -0.888805    0.944927
    3.360000    0.353458   -0.935450    0.967618
    3.480000    0.241634   -0.970367    0.984999
    3.600000    0.124795   -0.992182    0.996021
    3.720000    0.005288   -0.999986    0.999993
    3.840000   -0.114333   -0.993442    0.996661
    3.960000   -0.231506   -0.972833    0.986238
    4.080000   -0.343858   -0.939021    0.969380
    4.200000   -0.449369   -0.893346    0.947108
    4.320000   -0.546485   -0.837468    0.920701
    4.440000   -0.634157   -0.773204    0.891572
    4.560000   -0.711821   -0.702360    0.861155
    4.680000   -0.779331   -0.626611    0.830811
    4.800000   -0.836866   -0.547406    0.801762
    4.920000   -0.884823   -0.465926    0.775057
    5.040000   -0.923718   -0.383072    0.751558
    5.160000   -0.954101   -0.299484    0.731944
    5.280000   -0.976487   -0.215572    0.716728
    5.400000   -0.991307   -0.131564    0.706277
    5.520000   -0.998868   -0.047553    0.700823
    5.640000   -0.999335    0.036448    0.700483
    5.760000   -0.992718    0.120457    0.705265
    5.880000   -0.978873    0.204468    0.715067
    6.000000   -0.957509    0.288402    0.729670
    6.120000   -0.928211    0.372053    0.748729
    6.240000   -0.890473    0.455035    0.771750
    6.360000   -0.843745    0.536743    0.798077
    6.480000   -0.787503    0.616310    0.826872
    6.600000   -0.721327    0.692594    0.857111
    6.720000   -0.645005    0.764177    0.887594
    6.840000   -0.558634    0.829413    0.916974
    6.960000   -0.462717    0.886505    0.943824
    7.080000   -0.358237    0.933630    0.966721
    7.200000   -0.246683    0.969095    0.984360
    7.320000   -0.130018    0.991511    0.995680
    7.440000   -0.010576    0.999943    0.999971
    7.560000    0.109095    0.994031    0.996960
    7.680000    0.226428    0.974027    0.986839
    7.800000    0.339037    0.940772    0.970246
    7.920000    0.444887    0.895586    0.948187
    8.040000    0.542398    0.840120    0.921932
    8.160000    0.630501    0.776187    0.892893
    8.280000    0.708612    0.705597    0.862503
    8.400000    0.776568    0.630032    0.832129
    8.520000    0.834536    0.550952    0.803000
    8.640000    0.882904    0.469551    0.776172
    8.760000    0.922187    0.386742    0.752516
    8.880000    0.952933    0.303176    0.732718
    9.000000    0.975663    0.219273    0.717301
    9.120000    0.990808    0.135266    0.706633
    9.240000    0.998685    0.051255    0.700956
    9.360000    0.999463   -0.032746    0.700390
    9.480000    0.993160   -0.116754    0.704948
    9.600000    0.979638   -0.200767    0.714532
    9.720000    0.958613   -0.284707    0.728930
    9.840000    0.929676   -0.368377    0.747801
    9.960000    0.892321   -0.451399    0.770661
   10.080000    0.846001   -0.533180    0.796858
   10.200000    0.790188   -0.612863    0.825564
   10.320000    0.724456   -0.689320    0.855764
   10.440000    0.648582   -0.761143    0.886263
   10.560000    0.562647   -0.826696    0.915722
   10.680000    0.467133   -0.884186    0.942714
   10.800000    0.363003   -0.931787    0.965813
   10.920000    0.251723   -0.967798    0.983709
   11.040000    0.135236   -0.990812    0.995325
   11.160000    0.015863   -0.999873    0.999935
   11.280000   -0.103852   -0.994592    0.997246
   11.400000   -0.221340   -0.975196    0.987428
   11.520000   -0.334204   -0.942500    0.971100
   11.640000   -0.440388   -0.897806    0.949257
   11.760000   -0.538293   -0.842756    0.923158
   11.880000   -0.626826   -0.779157    0.894211
   12.000000   -0.705383   -0.708824    0.863852
