
                最速下降法中间结果

  1  0.22699914  0.39724850 -0.05674979  0.00000000
  2  0.48722582  0.26793750  0.07897996 -0.20299286
  3  0.46024344  0.13991072  0.12004014 -0.12857240
  4  0.47343110  0.15533749  0.06814703 -0.06862095
  5  0.48506856  0.15995189  0.05794393 -0.08119991
  6  0.49346858  0.14673524  0.06561006 -0.08449512
  7  0.49560735  0.14575776  0.06332851 -0.08043040
  8  0.49672885  0.14593080  0.06245394 -0.08146980
  9  0.49741529  0.14473586  0.06314428 -0.08150894
 10  0.49773394  0.14470655  0.06278921 -0.08128803
 11  0.49790042  0.14453033  0.06288747 -0.08139363
 12  0.49789762  0.14449320  0.06289240 -0.08133149
 13  0.49791341  0.14450975  0.06285833 -0.08131818
 14  0.49792990  0.14449571  0.06285754 -0.08132230
 15  0.49792971  0.14449426  0.06285950 -0.08131849
 16  0.49793048  0.14449461  0.06285797 -0.08131753
 17  0.49793119  0.14449423  0.06285799 -0.08131791
 18  0.49793115  0.14449397  0.06285815 -0.08131772
 19  0.49793120  0.14449399  0.06285806 -0.08131761
 20  0.49793123  0.14449399  0.06285804 -0.08131764





