
    三次样条插值之自然边界条件

              h             m
  0      1.00000000      0.00000000
  1      3.00000000     -0.51422654
  2      1.00000000      0.10460410
  3      1.00000000      2.10584684
  4      1.00000000     -1.32799146
  5      2.00000000     -0.39388098
  6      3.00000000     -0.10436132
  7      4.00000000     -0.15620829

             u             namda            d
  1      0.25000000      0.75000000     -0.95000000
  2      0.75000000      0.25000000      0.35000000
  3      0.50000000      0.50000000      3.60000000
  4      0.50000000      0.50000000     -1.80000000
  5      0.33333333      0.66666667     -1.30000000
  6      0.40000000      0.60000000     -0.46000000
  7      0.42857143      0.57142857     -0.35714286

            t               ty
  1      3.50000000      4.03041262
  2      1.50000000      3.36712867
  3      5.50000000      3.91184682
  4      6.50000000      4.90138404
  5      7.50000000      6.25761703
  6      9.00000000      6.97456058
  7     11.50000000      7.04657040
  8     15.00000000      5.75620829
