
    Broyden 第二公式H矩阵序列为：

    iter=   1
    0.3333331840    0.0021086068    0.0016605204
    0.0000102385   -0.0308688253   -0.0001527577
    0.0000161570    0.0015358359    0.0500076828


    iter=   2
    0.3333311218    0.0022981893    0.0016897486
    0.0001998210   -0.0482980293   -0.0028398360
    0.0000453851   -0.0011512424    0.0495934131


    iter=   3
    0.3333287819    0.0021649756    0.0017135288
    0.0000666073   -0.0558818462   -0.0014860331
    0.0000691654    0.0002025605    0.0493517430


    iter=   4
    0.3333275048    0.0020892961    0.0017159849
   -0.0000090722   -0.0603666532   -0.0013404830
    0.0000716215    0.0003481106    0.0493470193


    iter=   5
    0.3333274882    0.0020938623    0.0017165185
   -0.0000045060   -0.0616254186   -0.0014875624
    0.0000721550    0.0002010312    0.0493298339


    iter=   6
    0.3333271167    0.0021070900    0.0017206718
    0.0000087217   -0.0620963485   -0.0016354293
    0.0000763084    0.0000531643    0.0492834053


    iter=   7
    0.3333263905    0.0021288222    0.0017283355
    0.0000304539   -0.0627467538   -0.0018647887
    0.0000839721   -0.0001761951    0.0492025238


