
     简化牛顿法计算非线性方程组迭代序列

    1    1.3725806452    1.3403225806
    2    1.2167942743    1.1816005356
    3    1.1358334158    1.1023919764
    4    1.0881712805    1.0582208605
    5    1.0584331991    1.0325429682
    6    1.0392634917    1.0174327469
    7    1.0266524170    1.0085907081
    8    1.0182404829    1.0035215879
    9    1.0125717957    1.0007242760
   10    1.0087202625    0.9992806777
   11    1.0060848202    0.9986271089
   12    1.0042698991    0.9984192573
   13    1.0030124971    0.9984494247
   14    1.0021363330    0.9985948106
   15    1.0015224339    0.9987849505
   16    1.0010899998    0.9989812189
   17    1.0007838292    0.9991640002
   18    1.0005659921    0.9993247333
   19    1.0004102794    0.9994610430
   20    1.0002984812    0.9995738105
   21    1.0002178773    0.9996654519
   22    1.0001595355    0.9997389383
   23    1.0001171521    0.9997972646
   24    1.0000862563    0.9998431864
   25    1.0000636629    0.9998791089
   26    1.0000470921    0.9999070623
   27    1.0000349053    0.9999287208
   28    1.0000259202    0.9999454418
   29    1.0000192805    0.9999583122
   30    1.0000143636    0.9999681936
   31    1.0000107154    0.9999757638
   32    1.0000080038    0.9999815527
   33    1.0000059852    0.9999859724
   34    1.0000044802    0.9999893422
   35    1.0000033568    0.9999919084
   36    1.0000025171    0.9999938606
   37    1.0000018889    0.9999953445
   38    1.0000014184    0.9999964715
   39    1.0000010657    0.9999973268
   40    1.0000008012    0.9999979755
   41    1.0000006026    0.9999984674
   42    1.0000004534    0.9999988401
   43    1.0000003413    0.9999991224
   44    1.0000002570    0.9999993361
   45    1.0000001936    0.9999994979
   46    1.0000001458    0.9999996203
   47    1.0000001099    0.9999997130
   48    1.0000000828    0.9999997830
   49    1.0000000625    0.9999998360
   50    1.0000000471    0.9999998761
   51    1.0000000355    0.9999999063
   52    1.0000000268    0.9999999292
   53    1.0000000202    0.9999999465
   54    1.0000000152    0.9999999596
   55    1.0000000115    0.9999999695
   56    1.0000000087    0.9999999769
