
    Hamming预测校正方法计算方程组

     1.00000   0.00000   1.00000   1.00000
     1.11000   0.10967   0.99397   0.99693
     1.22000   0.21736   0.97609   0.98788
     1.33000   0.32122   0.94700   0.97333
     1.44000   0.41965   0.90768   0.95404
     1.55000   0.51136   0.85937   0.93094
     1.66000   0.59541   0.80343   0.90510
     1.77000   0.67121   0.74127   0.87763
     1.88000   0.73850   0.67426   0.84962
     1.99000   0.79728   0.60362   0.82208
     2.10000   0.84776   0.53039   0.79591
     2.21000   0.89028   0.45543   0.77187
     2.32000   0.92524   0.37939   0.75061
     2.43000   0.95307   0.30277   0.73263
     2.54000   0.97416   0.22586   0.71834
     2.65000   0.98886   0.14886   0.70803
     2.76000   0.99742   0.07184   0.70188
     2.87000   0.99999  -0.00516   0.70001
     2.98000   0.99662  -0.08216   0.70246
     3.09000   0.98725  -0.15918   0.70917
     3.20000   0.97171  -0.23617   0.72003
     3.31000   0.94974  -0.31305   0.73484
     3.42000   0.92098  -0.38962   0.75327
     3.53000   0.88503  -0.46554   0.77494
     3.64000   0.84147  -0.54031   0.79931
     3.75000   0.78989  -0.61325   0.82571
     3.86000   0.72998  -0.68347   0.85337
     3.97000   0.66154  -0.74991   0.88137
     4.08000   0.58462  -0.81131   0.90868
     4.19000   0.49951  -0.86631   0.93421
     4.30000   0.40684  -0.91350   0.95686
     4.41000   0.30760  -0.95152   0.97558
     4.52000   0.20313  -0.97915   0.98942
     4.63000   0.09506  -0.99547   0.99769
     4.74000  -0.01472  -0.99989   0.99995
     4.85000  -0.12423  -0.99226   0.99606
     4.96000  -0.23152  -0.97283   0.98624
     5.07000  -0.33474  -0.94231   0.97101
     5.18000  -0.43234  -0.90171   0.95114
     5.29000  -0.52307  -0.85229   0.92761
     5.40000  -0.60604  -0.79544   0.90149
     5.51000  -0.68071  -0.73256   0.87389
     5.62000  -0.74686  -0.66500   0.84589
     5.73000  -0.80451  -0.59395   0.81848
     5.84000  -0.85391  -0.52044   0.79255
     5.95000  -0.89539  -0.44530   0.76885
     6.06000  -0.92937  -0.36917   0.74800
     6.17000  -0.95628  -0.29249   0.73050
     6.28000  -0.97650  -0.21556   0.71673
     6.39000  -0.99036  -0.13855   0.70696
     6.50000  -0.99811  -0.06154   0.70138
     6.61000  -0.99989   0.01546   0.70009
     6.72000  -0.99572   0.09247   0.70311
     6.83000  -0.98554   0.16948   0.71039
     6.94000  -0.96916   0.24647   0.72179
     7.05000  -0.94629   0.32333   0.73710
     7.16000  -0.91659   0.39983   0.75600
     7.27000  -0.87965   0.47563   0.77806
     7.38000  -0.83504   0.55020   0.80274
     7.49000  -0.78236   0.62283   0.82936
     7.60000  -0.72132   0.69261   0.85712
     7.71000  -0.65174   0.75845   0.88509
     7.82000  -0.57370   0.81908   0.91222
     7.93000  -0.48753   0.87311   0.93744
     8.04000  -0.39391   0.91915   0.95962
     8.15000  -0.29389   0.95585   0.97773
     8.26000  -0.18883   0.98202   0.99087
     8.37000  -0.08042   0.99677   0.99835
     8.48000   0.02944   0.99957   0.99978
     8.59000   0.13877   0.99033   0.99508
     8.70000   0.24561   0.96938   0.98450
     8.81000   0.34817   0.93744   0.96860
     8.92000   0.44491   0.89558   0.94819
     9.03000   0.53465   0.84509   0.92424
     9.14000   0.61653   0.78734   0.89786
     9.25000   0.69007   0.72376   0.87015
     9.36000   0.75507   0.65566   0.84217
     9.47000   0.81160   0.58423   0.81491
     9.58000   0.85992   0.51046   0.78923
     9.69000   0.90037   0.43515   0.76588
     9.80000   0.93338   0.35892   0.74545
     9.91000   0.95937   0.28220   0.72843
    10.02000   0.97872   0.20525   0.71518
    10.13000   0.99175   0.12824   0.70597
    10.24000   0.99870   0.05123   0.70096
    10.35000   0.99968  -0.02577   0.70024
    10.46000   0.99471  -0.10278   0.70384
    10.57000   0.98371  -0.17980   0.71168
    10.68000   0.96648  -0.25678   0.72362
    10.79000   0.94273  -0.33360   0.73943
    10.90000   0.91208  -0.41003   0.75878
    11.01000   0.87413  -0.48570   0.78123
    11.12000   0.82846  -0.56006   0.80621
    11.23000   0.77468  -0.63237   0.83303
    11.34000   0.71250  -0.70169   0.86088
    11.45000   0.64178  -0.76690   0.88879
    11.56000   0.56262  -0.82673   0.91574
    11.67000   0.47541  -0.87978   0.94061
    11.78000   0.38086  -0.92464   0.96231
    11.89000   0.28008  -0.95999   0.97980
    12.00000   0.17447  -0.98467   0.99221
