
    采用Adams4方法计算方程组

     0.32000   0.31968   1.04985   0.94753
     0.40000   0.39900   1.07667   0.91694
     0.48000   0.47750   1.10816   0.87862
     0.56000   0.55458   1.14349   0.83211
     0.64000   0.62946   1.18162   0.77699
     0.72000   0.70112   1.22130   0.71298
     0.80000   0.76834   1.26109   0.63993
     0.88000   0.82973   1.29939   0.55799
     0.96000   0.88379   1.33455   0.46759
     1.04000   0.92901   1.36491   0.36958
     1.12000   0.96398   1.38893   0.26517
     1.20000   0.98751   1.40535   0.15595
     1.28000   0.99875   1.41326   0.04384
     1.36000   0.99729   1.41223  -0.06909
     1.44000   0.98320   1.40231  -0.18070
     1.52000   0.95700   1.38407  -0.28894
     1.60000   0.91963   1.35850  -0.39198
     1.68000   0.87233   1.32695  -0.48831
     1.76000   0.81654   1.29098  -0.57683
     1.84000   0.75377   1.25224  -0.65678
     1.92000   0.68550   1.21238  -0.72780
     2.00000   0.61307   1.17297  -0.78982
     2.08000   0.53767   1.13539  -0.84300
     2.16000   0.46024   1.10084  -0.88768
     2.24000   0.38153   1.07033  -0.92426
     2.32000   0.30210   1.04465  -0.95320
     2.40000   0.22229   1.02442  -0.97492
     2.48000   0.14233   1.01009  -0.98977
     2.56000   0.06232   1.00194  -0.99801
     2.64000  -0.01769   1.00016  -0.99981
     2.72000  -0.09770   1.00476  -0.99518
     2.80000  -0.17769   1.01566  -0.98405
     2.88000  -0.25761   1.03264  -0.96622
     2.96000  -0.33729   1.05535  -0.94136
     3.04000  -0.41647   1.08326  -0.90911
     3.12000  -0.49471   1.11568  -0.86901
     3.20000  -0.57137   1.15172  -0.82063
     3.28000  -0.64563   1.19031  -0.76356
     3.36000  -0.71641   1.23014  -0.69756
     3.44000  -0.78246   1.26974  -0.62252
     3.52000  -0.84236   1.30749  -0.53866
     3.60000  -0.89459   1.34172  -0.44649
     3.68000  -0.93765   1.37080  -0.34695
     3.76000  -0.97018   1.39324  -0.24133
     3.84000  -0.99104   1.40783  -0.13131
     3.92000  -0.99949   1.41378  -0.01883
     4.00000  -0.99522   1.41076   0.09398
     4.08000  -0.97839   1.39893   0.20501
     4.16000  -0.94962   1.37897   0.31224
     4.24000  -0.90994   1.35196   0.41391
     4.32000  -0.86063   1.31929   0.50859
     4.40000  -0.80317   1.28256   0.59526
     4.48000  -0.73906   1.24344   0.67325
     4.56000  -0.66977   1.20356   0.74227
     4.64000  -0.59659   1.16444   0.80231
     4.72000  -0.52066   1.12743   0.85357
     4.80000  -0.44290   1.09370   0.89642
     4.88000  -0.36400   1.06420   0.93128
     4.96000  -0.28446   1.03968   0.95859
     5.04000  -0.20460   1.02072   0.97876
     5.12000  -0.12463   1.00774   0.99212
     5.20000  -0.04463   1.00099   0.99893
     5.28000   0.03538   1.00062   0.99931
     5.36000   0.11539   1.00663   0.99325
     5.44000   0.19537   1.01890   0.98066
     5.52000   0.27525   1.03718   0.96131
     5.60000   0.35485   1.06108   0.93485
     5.68000   0.43386   1.09005   0.90090
     5.76000   0.51181   1.12336   0.85901
     5.84000   0.58802   1.16007   0.80874
     5.92000   0.66160   1.19904   0.74972
     6.00000   0.73145   1.23895   0.68172
     6.08000   0.79626   1.27828   0.60471
     6.16000   0.85459   1.31540   0.51895
     6.24000   0.90492   1.34863   0.42507
     6.32000   0.94576   1.37635   0.32406
     6.40000   0.97580   1.39715   0.21732
     6.48000   0.99397   1.40988   0.10659
     6.56000   0.99961   1.41386  -0.00614
     6.64000   0.99253   1.40886  -0.11874
     6.72000   0.97300   1.39517  -0.22909
     6.80000   0.94172   1.37354  -0.33522
     6.88000   0.89979   1.34515  -0.43545
     6.96000   0.84856   1.31145  -0.52844
     7.04000   0.78951   1.27405  -0.61323
     7.12000   0.72413   1.23463  -0.68925
     7.20000   0.65388   1.19479  -0.75628
     7.28000   0.58001   1.15603  -0.81435
     7.36000   0.50361   1.11965  -0.86372
     7.44000   0.42554   1.08678  -0.90476
     7.52000   0.34646   1.05832  -0.93791
     7.60000   0.26683   1.03499  -0.96361
     7.68000   0.18695   1.01732  -0.98225
     7.76000   0.10696   1.00570  -0.99415
     7.84000   0.02696   1.00035  -0.99953
     7.92000  -0.05304   1.00139  -0.99849
     8.00000  -0.13304   1.00880  -0.99101
