
                                     航天器轨道外推

 (单位：秒，千米，千米/秒)
     0.0      6678.1370         0.0000         0.0000         0.0000         6.7895         3.6864
    60.0      6662.0555       407.0447       221.0072        -0.5358         6.7732         3.6775
   120.0      6613.8886       812.1290       440.9500        -1.0691         6.7242         3.6509
   180.0      6533.8683      1213.3019       658.7692        -1.5972         6.6429         3.6068
   240.0      6422.3798      1608.6314       873.4156        -2.1176         6.5295         3.5452
   300.0      6279.9602      1996.2135      1083.8555        -2.6278         6.3847         3.4666
   360.0      6107.2953      2374.1815      1289.0754        -3.1254         6.2092         3.3713
   420.0      5905.2169      2740.7152      1488.0869        -3.6079         6.0037         3.2598
   480.0      5674.6980      3094.0491      1679.9316        -4.0730         5.7694         3.1325
   540.0      5416.8489      3432.4816      1863.6854        -4.5185         5.5072         2.9902
   600.0      5132.9114      3754.3828      2038.4635        -4.9423         5.2185         2.8334
   660.0      4824.2531      4058.2023      2203.4240        -5.3422         4.9047         2.6630
   720.0      4492.3604      4342.4769      2357.7726        -5.7164         4.5673         2.4798
   780.0      4138.8319      4605.8374      2500.7657        -6.0631         4.2079         2.2847
   840.0      3765.3701      4847.0156      2631.7147        -6.3806         3.8282         2.0785
   900.0      3373.7737      5064.8497      2749.9890        -6.6674         3.4300         1.8624
   960.0      2965.9287      5258.2908      2855.0190        -6.9220         3.0154         1.6372
  1020.0      2543.7994      5426.4072      2946.2987        -7.1433         2.5862         1.4042
  1080.0      2109.4187      5568.3891      3023.3886        -7.3302         2.1446         1.1644
  1140.0      1664.8787      5683.5528      3085.9174        -7.4818         1.6926         0.9190
  1200.0      1212.3205      5771.3437      3133.5839        -7.5974         1.2325         0.6692
  1260.0       753.9235      5831.3388      3166.1587        -7.6764         0.7665         0.4162
  1320.0       291.8954      5863.2494      3183.4847        -7.7184         0.2968         0.1611
  1380.0      -171.5384      5866.9216      3185.4785        -7.7232        -0.1744        -0.0947
  1440.0      -634.1461      5842.3378      3172.1306        -7.6909        -0.6447        -0.3501
  1500.0     -1093.6996      5789.6164      3143.5052        -7.6215        -1.1119        -0.6037
  1560.0     -1547.9857      5709.0112      3099.7402        -7.5153        -1.5738        -0.8545
  1620.0     -1994.8164      5600.9106      3041.0463        -7.3730        -2.0281        -1.1012
  1680.0     -2432.0398      5465.8351      2967.7063        -7.1952        -2.4726        -1.3425
  1740.0     -2857.5501      5304.4353      2880.0734        -6.9828        -2.9052        -1.5774
  1800.0     -3269.2980      5117.4884      2778.5695        -6.7367        -3.3238        -1.8047
  1860.0     -3665.3004      4905.8950      2663.6836        -6.4581        -3.7264        -2.0233
  1920.0     -4043.6502      4670.6739      2535.9690        -6.1485        -4.1111        -2.2321
  1980.0     -4402.5251      4412.9581      2396.0408        -5.8092        -4.4760        -2.4303
  2040.0     -4740.1967      4133.9888      2244.5728        -5.4420        -4.8193        -2.6167
  2100.0     -5055.0387      3835.1096      2082.2946        -5.0485        -5.1394        -2.7904
  2160.0     -5345.5349      3517.7598      1909.9877        -4.6308        -5.4347        -2.9508
  2220.0     -5610.2861      3183.4680      1728.4821        -4.1907        -5.7039        -3.0970
  2280.0     -5848.0172      2833.8440      1538.6518        -3.7305        -5.9456        -3.2282
  2340.0     -6057.5834      2470.5718      1341.4110        -3.2523        -6.1586        -3.3439
  2400.0     -6237.9752      2095.4009      1137.7099        -2.7584        -6.3420        -3.4434
  2460.0     -6388.3239      1710.1382       928.5293        -2.2512        -6.4949        -3.5264
  2520.0     -6507.9054      1316.6392       714.8768        -1.7332        -6.6165        -3.5925
  2580.0     -6596.1438       916.7991       497.7813        -1.2069        -6.7062        -3.6412
  2640.0     -6652.6140       512.5435       278.2884        -0.6747        -6.7636        -3.6723
  2700.0     -6677.0442       105.8194        57.4552        -0.1393        -6.7884        -3.6858
  2760.0     -6669.3166      -301.4143      -163.6546         0.3968        -6.7806        -3.6816
  2820.0     -6629.4685      -707.1964      -383.9763         0.9310        -6.7401        -3.6596
  2880.0     -6557.6918     -1109.5725      -602.4487         1.4606        -6.6671        -3.6199
  2940.0     -6454.3322     -1506.6047      -818.0196         1.9833        -6.5620        -3.5629
  3000.0     -6319.8874     -1896.3809     -1029.6508         2.4964        -6.4253        -3.4887
  3060.0     -6155.0050     -2277.0237     -1236.3230         2.9975        -6.2577        -3.3976
  3120.0     -5960.4791     -2646.7001     -1437.0409         3.4841        -6.0599        -3.2903
  3180.0     -5737.2466     -3003.6295     -1630.8378         3.9540        -5.8330        -3.1670
  3240.0     -5486.3825     -3346.0929     -1816.7802         4.4048        -5.5779        -3.0286
  3300.0     -5209.0951     -3672.4410     -1993.9728         4.8344        -5.2960        -2.8755
  3360.0     -4906.7199     -3981.1021     -2161.5620         5.2407        -4.9886        -2.7086
  3420.0     -4580.7131     -4270.5894     -2318.7409         5.6218        -4.6571        -2.5286
  3480.0     -4232.6448     -4539.5090     -2464.7523         5.9758        -4.3033        -2.3365
  3540.0     -3864.1914     -4786.5655     -2598.8930         6.3010        -3.9287        -2.1331
  3600.0     -3477.1275     -5010.5691     -2720.5170         6.5959        -3.5351        -1.9194
  3660.0     -3073.3171     -5210.4410     -2829.0386         6.8590        -3.1246        -1.6965
  3720.0     -2654.7052     -5385.2186     -2923.9351         7.0891        -2.6990        -1.4654
  3780.0     -2223.3077     -5534.0601     -3004.7495         7.2850        -2.2604        -1.2273
  3840.0     -1781.2025     -5656.2487     -3071.0925         7.4459        -1.8109        -0.9832
  3900.0     -1330.5187     -5751.1959     -3122.6446         7.5709        -1.3527        -0.7345
  3960.0      -873.4269     -5818.4444     -3159.1575         7.6594        -0.8880        -0.4821
  4020.0      -412.1285     -5857.6703     -3180.4555         7.7110        -0.4190        -0.2275
  4080.0        51.1547     -5868.6847     -3186.4358         7.7255         0.0520         0.0282
  4140.0       514.1916     -5851.4347     -3177.0698         7.7028         0.5228         0.2838
  4200.0       974.7520     -5806.0032     -3152.4025         7.6430         0.9910         0.5381
  4260.0      1430.6179     -5732.6090     -3112.5527         7.5464         1.4545         0.7897
  4320.0      1879.5937     -5631.6057     -3057.7124         7.4134         1.9109         1.0376
  4380.0      2319.5171     -5503.4798     -2988.1457         7.2448         2.3582         1.2804
  4440.0      2748.2693     -5348.8481     -2904.1876         7.0412         2.7941         1.5171
  4500.0      3163.7854     -5168.4556     -2806.2424         6.8038         3.2166         1.7464
  4560.0      3564.0642     -4963.1710     -2694.7820         6.5335         3.6235         1.9674
  4620.0      3947.1780     -4733.9830     -2570.3431         6.2318         4.0130         2.1789
  4680.0      4311.2815     -4481.9954     -2433.5250         5.9001         4.3832         2.3799
  4740.0      4654.6212     -4208.4219     -2284.9866         5.5400         4.7323         2.5694
  4800.0      4975.5435     -3914.5799     -2125.4434         5.1532         5.0585         2.7466
  4860.0      5272.5029     -3601.8847     -1955.6638         4.7415         5.3605         2.9105
  4920.0      5544.0691     -3271.8422     -1776.4654         4.3071         5.6365         3.0604
  4980.0      5788.9341     -2926.0421     -1588.7112         3.8518         5.8855         3.1956
  5040.0      6005.9188     -2566.1496     -1393.3056         3.3781         6.1061         3.3153
  5100.0      6193.9780     -2193.8983     -1191.1896         2.8880         6.2973         3.4192
  5160.0      6352.2061     -1811.0807      -983.3366         2.3841         6.4582         3.5065
  5220.0      6479.8410     -1419.5407      -770.7477         1.8687         6.5879         3.5770
  5280.0      6576.2680     -1021.1640      -554.4468         1.3443         6.6860         3.6302
  5340.0      6641.0227      -617.8693      -335.4756         0.8134         6.7518         3.6659
  5400.0      6673.7932      -211.5987      -114.8887         0.2785         6.7851         3.6840
  5460.0      6674.4216       195.6909       106.2515        -0.2576         6.7858         3.6844
  5520.0      6642.9051       602.0381       326.8800        -0.7925         6.7537         3.6670
  5580.0      6579.3953      1005.4857       545.9342        -1.3236         6.6891         3.6319
  5640.0      6484.1981      1404.0908       762.3591        -1.8483         6.5924         3.5794
  5700.0      6357.7720      1795.9335       975.1123        -2.3642         6.4638         3.5096
  5760.0      6200.7259      2179.1268      1183.1693        -2.8686         6.3042         3.4229
  5820.0      6013.8162      2551.8250      1385.5279        -3.3592         6.1141         3.3197
  5880.0      5797.9430      2912.2333      1581.2137        -3.8337         5.8947         3.2005
  5940.0      5554.1460      3258.6158      1769.2840        -4.2896         5.6468         3.0660
  6000.0      5283.5994      3589.3043      1948.8332        -4.7250         5.3717         2.9166
  6060.0      4987.6062      3902.7061      2118.9965        -5.1375         5.0708         2.7532
  6120.0      4667.5919      4197.3120      2278.9544        -5.5253         4.7455         2.5766
  6180.0      4325.0977      4471.7029      2427.9366        -5.8865         4.3972         2.3875
  6240.0      3961.7732      4724.5574      2565.2253        -6.2194         4.0279         2.1869
  6300.0      3579.3682      4954.6577      2690.1596        -6.5223         3.6391         1.9759
  6360.0      3179.7244      5160.8955      2802.1376        -6.7938         3.2328         1.7552
  6420.0      2764.7665      5342.2777      2900.6201        -7.0326         2.8109         1.5262
  6480.0      2336.4931      5497.9307      2985.1328        -7.2375         2.3755         1.2898
  6540.0      1896.9667      5627.1047      3055.2686        -7.4075         1.9286         1.0471
  6600.0      1448.3043      5729.1778      3110.6897        -7.5419         1.4725         0.7995
  6660.0       992.6666      5803.6581      3151.1293        -7.6399         1.0092         0.5480
  6720.0       532.2480      5850.1872      3176.3925        -7.7012         0.5411         0.2938
  6780.0        69.2661      5868.5408      3186.3577        -7.7253         0.0704         0.0382
  6840.0      -394.0494      5858.6306      3180.9769        -7.7123        -0.4006        -0.2175
  6900.0      -855.4671      5820.5043      3160.2759        -7.6621        -0.8697        -0.4722
  6960.0     -1312.7648      5754.3454      3124.3546        -7.5750        -1.3347        -0.7247
  7020.0     -1763.7399      5660.4728      3073.3859        -7.4514        -1.7932        -0.9736
  7080.0     -2206.2206      5539.3383      3007.6153        -7.2920        -2.2430        -1.2179
  7140.0     -2638.0758      5391.5255      2927.3595        -7.0974        -2.6821        -1.4563
  7200.0     -3057.2256      5217.7463      2833.0051        -6.8686        -3.1082        -1.6876
  7260.0     -3461.6513      5018.8375      2725.0064        -6.6068        -3.5194        -1.9109
  7320.0     -3849.4051      4795.7572      2603.8837        -6.3131        -3.9136        -2.1249
  7380.0     -4218.6195      4549.5797      2470.2202        -5.9891        -4.2890        -2.3287
  7440.0     -4567.5164      4281.4907      2324.6598        -5.6362        -4.6437        -2.5213
  7500.0     -4894.4153      3992.7813      2167.9034        -5.2561        -4.9761        -2.7018
  7560.0     -5197.7419      3684.8420      2000.7060        -4.8507        -5.2845        -2.8692
  7620.0     -5476.0354      3359.1560      1823.8729        -4.4220        -5.5674        -3.0228
  7680.0     -5727.9553      3017.2916      1638.2557        -3.9720        -5.8235        -3.1619
  7740.0     -5952.2884      2660.8955      1444.7484        -3.5028        -6.0516        -3.2857
  7800.0     -6147.9544      2291.6841      1244.2829        -3.0168        -6.2505        -3.3938
  7860.0     -6314.0107      1911.4355      1037.8248        -2.5162        -6.4193        -3.4854
  7920.0     -6449.6577      1521.9811       826.3683        -2.0035        -6.5573        -3.5603
  7980.0     -6554.2421      1125.1967       610.9319        -1.4812        -6.6636        -3.6180
  8040.0     -6627.2601       722.9930       392.5532        -0.9517        -6.7378        -3.6583
  8100.0     -6668.3602       317.3074       172.2838        -0.4177        -6.7796        -3.6810
  8160.0     -6677.3443       -89.9065       -48.8153         0.1184        -6.7887        -3.6860
  8220.0     -6654.1691      -496.6874      -269.6792         0.6538        -6.7652        -3.6732
  8280.0     -6598.9464      -901.0761      -489.2444         1.1862        -6.7090        -3.6427
  8340.0     -6511.9421     -1301.1251      -706.4533         1.7128        -6.6206        -3.5947
  8400.0     -6393.5751     -1694.9077      -920.2598         2.2312        -6.5002        -3.5293
  8460.0     -6244.4156     -2080.5273     -1129.6341         2.7388        -6.3486        -3.4470
  8520.0     -6065.1819     -2456.1267     -1333.5680         3.2332        -6.1664        -3.3481
  8580.0     -5856.7373     -2819.8970     -1531.0792         3.7121        -5.9544        -3.2330
  8640.0     -5620.0856     -3170.0863     -1721.2164         4.1731        -5.7138        -3.1024
  8700.0     -5356.3667     -3505.0078     -1903.0640         4.6140        -5.4457        -2.9568
  8760.0     -5066.8506     -3823.0486     -2075.7460         5.0327        -5.1514        -2.7970
  8820.0     -4752.9318     -4122.6770     -2238.4310         5.4271        -4.8322        -2.6237
  8880.0     -4416.1220     -4402.4499     -2390.3353         5.7954        -4.4898        -2.4378
  8940.0     -4058.0434     -4661.0199     -2530.7273         6.1358        -4.1257        -2.2401
  9000.0     -3680.4206     -4897.1416     -2658.9309         6.4466        -3.7418        -2.0316
  9060.0     -3285.0723     -5109.6778     -2774.3287         6.7264        -3.3399        -1.8134
  9120.0     -2873.9025     -5297.6050     -2876.3648         6.9738        -2.9218        -1.5864
  9180.0     -2448.8916     -5460.0181     -2964.5479         7.1876        -2.4897        -1.3518
  9240.0     -2012.0863     -5596.1348     -3038.4533         7.3668        -2.0457        -1.1107
  9300.0     -1565.5906     -5705.2996     -3097.7249         7.5105        -1.5917        -0.8642
  9360.0     -1111.5547     -5786.9867     -3142.0774         7.6180        -1.1301        -0.6136
  9420.0      -652.1653     -5840.8027     -3171.2971         7.6888        -0.6630        -0.3600
  9480.0      -189.6351     -5866.4885     -3185.2434         7.7227        -0.1928        -0.1047
  9540.0       273.8085     -5863.9203     -3183.8489         7.7193         0.2784         0.1511
  9600.0       735.9334     -5833.1105     -3167.1206         7.6787         0.7482         0.4062
  9660.0      1194.5139     -5774.2075     -3135.1389         7.6012         1.2144         0.6594
  9720.0      1647.3414     -5687.4950     -3088.0578         7.4870         1.6748         0.9094
  9780.0      2092.2351     -5573.3906     -3026.1042         7.3368         2.1271         1.1549
  9840.0      2527.0522     -5432.4439     -2949.5763         7.1513         2.5692         1.3950
  9900.0      2949.6986     -5265.3336     -2858.8429         6.9313         2.9989         1.6283
  9960.0      3358.1388     -5072.8646     -2754.3407         6.6779         3.4142         1.8537
 10020.0      3750.4057     -4855.9639     -2636.5733         6.3924         3.8130         2.0703
 10080.0      4124.6100     -4615.6761     -2506.1076         6.0761         4.1934         2.2768
 10140.0      4478.9495     -4353.1584     -2363.5722         5.7305         4.5537         2.4724
 10200.0      4811.7177     -4069.6753     -2209.6534         5.3573         4.8920         2.6561
 10260.0      5121.3120     -3766.5920     -2045.0926         4.9583         5.2067         2.8270
 10320.0      5406.2411     -3445.3681     -1870.6822         4.5355         5.4964         2.9843
 10380.0      5665.1329     -3107.5508     -1687.2624         4.0908         5.7596         3.1272
 10440.0      5896.7406     -2754.7671     -1495.7165         3.6264         5.9951         3.2551
 10500.0      6099.9486     -2388.7160     -1296.9669         3.1445         6.2017         3.3672
 10560.0      6273.7783     -2011.1604     -1091.9710         2.6475         6.3784         3.4632
 10620.0      6417.3925     -1623.9188      -881.7159         2.1377         6.5244         3.5425
 10680.0      6530.0996     -1228.8561      -667.2144         1.6177         6.6390         3.6047
 10740.0      6611.3566      -827.8750      -449.4995         1.0898         6.7216         3.6496
 10800.0      6660.7723      -422.9068      -229.6197         0.5567         6.7719         3.6768
 10860.0      6678.1087       -15.9018        -8.6340         0.0209         6.7895         3.6864
 10920.0      6663.2823       391.1798       212.3933        -0.5149         6.7744         3.6782
 10980.0      6616.3644       796.3774       432.3976        -1.0484         6.7267         3.6523
 11040.0      6537.5811      1197.7395       650.3195        -1.5767         6.6466         3.6088
 11100.0      6427.3118      1593.3331       865.1093        -2.0975         6.5345         3.5480
 11160.0      6286.0876      1981.2530      1075.7326        -2.6081         6.3909         3.4700
 11220.0      6114.5885      2359.6308      1281.1750        -3.1062         6.2166         3.3753
 11280.0      5913.6406      2726.6443      1480.4471        -3.5894         6.0123         3.2644
 11340.0      5684.2117      3080.5259      1672.5891        -4.0552         5.7790         3.1378
 11400.0      5427.4067      3419.5711      1856.6756        -4.5015         5.5179         2.9960
 11460.0      5144.4625      3742.1472      2031.8201        -4.9262         5.2303         2.8398
 11520.0      4836.7418      4046.7004      2197.1791        -5.3271         4.9174         2.6699
 11580.0      4505.7265      4331.7642      2351.9560        -5.7023         4.5809         2.4872
 11640.0      4153.0109      4595.9654      2495.4056        -6.0501         4.2223         2.2925
 11700.0      3780.2937      4838.0317      2626.8369        -6.3688         3.8434         2.0868
 11760.0      3389.3701      5056.7974      2745.6169        -6.6568         3.4459         1.8710
 11820.0      2982.1227      5251.2086      2851.1736        -6.9127         3.0319         1.6462
 11880.0      2560.5129      5420.3292      2942.9986        -7.1353         2.6032         1.4134
 11940.0      2126.5713      5563.3446      3020.6497        -7.3236         2.1620         1.1739
 12000.0      1682.3878      5679.5660      3083.7527        -7.4766         1.7104         0.9287
 12060.0      1230.1016      5768.4338      3132.0040        -7.5936         1.2506         0.6790
 12120.0       771.8910      5829.5198      3165.1710        -7.6740         0.7848         0.4261
 12180.0       309.9629      5862.5299      3183.0940        -7.7174         0.3151         0.1711
 12240.0      -153.4580      5867.3050      3185.6867        -7.7237        -0.1560        -0.0847
 12300.0      -616.1399      5843.8223      3172.9366        -7.6928        -0.6264        -0.3401
 12360.0     -1075.8543      5792.1948      3144.9052        -7.6249        -1.0938        -0.5939
 12420.0     -1530.3873      5712.6711      3101.7273        -7.5202        -1.5559        -0.8448
 12480.0     -1977.5496      5605.6342      3043.6110        -7.3793        -2.0105        -1.0916
 12540.0     -2415.1877      5471.5996      2970.8362        -7.2028        -2.4555        -1.3332
 12600.0     -2841.1939      5311.2129      2883.7533        -6.9917        -2.8886        -1.5684
 12660.0     -3253.5164      5125.2465      2782.7818        -6.7469        -3.3078        -1.7960
 12720.0     -3650.1694      4914.5961      2668.4080        -6.4696        -3.7111        -2.0149
 12780.0     -4029.2426      4680.2762      2541.1826        -6.1611        -4.0965        -2.2242
 12840.0     -4388.9103      4423.4152      2401.7185        -5.8230        -4.4621        -2.4227
 12900.0     -4727.4403      4145.2503      2250.6873        -5.4568        -4.8063        -2.6096
 12960.0     -5043.2021      3847.1212      2088.8164        -5.0644        -5.1273        -2.7839
 13020.0     -5334.6749      3530.4637      1916.8854        -4.6475        -5.4237        -2.9448
 13080.0     -5600.4551      3196.8029      1735.7224        -4.2083        -5.6939        -3.0915
 13140.0     -5839.2625      2847.7458      1546.1998        -3.7488        -5.9367        -3.2234
 13200.0     -6049.9470      2484.9734      1349.2305        -3.2712        -6.1509        -3.3397
 13260.0     -6231.4940      2110.2329      1145.7630        -2.7779        -6.3355        -3.4399
 13320.0     -6383.0290      1725.3293       936.7773        -2.2712        -6.4895        -3.5235
 13380.0     -6503.8222      1332.1161       723.2800        -1.7536        -6.6123        -3.5902
 13440.0     -6593.2919       932.4872       506.2992        -1.2275        -6.7033        -3.6396
 13500.0     -6651.0072       528.3673       286.8800        -0.6955        -6.7620        -3.6714
 13560.0     -6676.6900       121.7027        66.0792        -0.1602        -6.7881        -3.6856
 13620.0     -6670.2168      -285.5480      -155.0399         0.3759        -6.7815        -3.6821
 13680.0     -6631.6187      -691.4235      -375.4123         0.9102        -6.7423        -3.6607
 13740.0     -6561.0815     -1093.9690      -593.9767         1.4401        -6.6705        -3.6218
 13800.0     -6458.9451     -1491.2457      -809.6804         1.9631        -6.5667        -3.5654
 13860.0     -6325.7012     -1881.3403     -1021.4845         2.4766        -6.4312        -3.4919
 13920.0     -6161.9917     -2262.3741     -1228.3689         2.9782        -6.2648        -3.4015
 13980.0     -5968.6049     -2632.5119     -1429.3373         3.4654        -6.0682        -3.2948
 14040.0     -5746.4724     -2989.9710     -1623.4218         3.9360        -5.8423        -3.1721
 14100.0     -5496.6638     -3333.0300     -1809.6876         4.3876        -5.5884        -3.0342
 14160.0     -5220.3823     -3660.0365     -1987.2377         4.8181        -5.3075        -2.8817
 14220.0     -4918.9586     -3969.4156     -2155.2168         5.2253        -5.0010        -2.7153
 14280.0     -4593.8444     -4259.6773     -2312.8161         5.6074        -4.6705        -2.5359
 14340.0     -4246.6054     -4529.4237     -2459.2764         5.9625        -4.3175        -2.3442
 14400.0     -3878.9140     -4777.3557     -2593.8925         6.2889        -3.9436        -2.1412
 14460.0     -3492.5411     -5002.2790     -2716.0159         6.5850        -3.5508        -1.9279
 14520.0     -3089.3475     -5203.1105     -2825.0585         6.8494        -3.1409        -1.7054
 14580.0     -2671.2751     -5378.8830     -2920.4952         7.0808        -2.7158        -1.4746
 14640.0     -2240.3374     -5528.7499     -3001.8662         7.2781        -2.2777        -1.2367
 14700.0     -1798.6099     -5651.9893     -3068.7798         7.4403        -1.8286        -0.9929
 14760.0     -1348.2199     -5748.0078     -3120.9136         7.5667        -1.3707        -0.7442
 14820.0      -891.3367     -5816.3430     -3158.0165         7.6566        -0.9062        -0.4920
 14880.0      -430.1607     -5856.6656     -3179.9100         7.7097        -0.4373        -0.2375
 14940.0        33.0871     -5868.7816     -3186.4884         7.7257         0.0336         0.0183
 15000.0       496.1755     -5852.6325     -3177.7202         7.7044         0.5044         0.2739
 15060.0       956.8742     -5808.2962     -3153.6475         7.6460         0.9728         0.5282
 15120.0      1412.9645     -5735.9861     -3114.3864         7.5509         1.4365         0.7800
 15180.0      1862.2497     -5636.0506     -3060.1258         7.4193         1.8933         1.0280
 15240.0      2302.5660     -5508.9710     -2991.1272         7.2520         2.3410         1.2710
 15300.0      2731.7928     -5355.3592     -2907.7228         7.0498         2.7774         1.5080
 15360.0      3147.8628     -5175.9551     -2810.3143         6.8136         3.2004         1.7377
 15420.0      3548.7721     -4971.6228     -2699.3709         6.5446         3.6080         1.9590
 15480.0      3932.5900     -4743.3463     -2575.4269         6.2441         3.9982         2.1708
 15540.0      4297.4679     -4492.2251     -2439.0792         5.9136         4.3692         2.3723
 15600.0      4641.6485     -4219.4686     -2290.9845         5.5545         4.7191         2.5623
 15660.0      4963.4742     -3926.3905     -2131.8561         5.1687         5.0463         2.7399
 15720.0      5261.3949     -3614.4022     -1962.4603         4.7580         5.3492         2.9044
 15780.0      5533.9760     -3285.0064     -1783.6129         4.3244         5.6263         3.0548
 15840.0      5779.9045     -2939.7894     -1596.1754         3.8699         5.8763         3.1906
 15900.0      5997.9960     -2580.4140     -1401.0505         3.3969         6.0981         3.3110
 15960.0      6187.2002     -2208.6108     -1199.1778         2.9074         6.2904         3.4154
 16020.0      6346.6059     -1826.1707      -991.5298         2.4040         6.4525         3.5034
 16080.0      6475.4453     -1434.9354      -779.1063         1.8890         6.5835         3.5745
 16140.0      6573.0978     -1036.7892      -562.9306         1.3648         6.6827         3.6284
 16200.0      6639.0933      -633.6497      -344.0437         0.8341         6.7498         3.6649
 16260.0      6673.1139      -227.4584      -123.4998         0.2994         6.7844         3.6836
 16320.0      6674.9956       179.8284        97.6388        -0.2367         6.7863         3.6847
 16380.0      6644.7295       586.2491       318.3073        -0.7717         6.7556         3.6680
 16440.0      6582.4614       989.8463       537.4427        -1.3030         6.6923         3.6336
 16500.0      6488.4910      1388.6762       753.9897        -1.8281         6.5967         3.5817
 16560.0      6363.2710      1780.8181       966.9053        -2.3443         6.4694         3.5126
 16620.0      6207.4044      2164.3832      1175.1642        -2.8492         6.3110         3.4266
 16680.0      6021.6420      2537.5243      1377.7633        -3.3404         6.1221         3.3240
 16740.0      5806.8784      2898.4443      1573.7269        -3.8155         5.9037         3.2055
 16800.0      5564.1479      3245.4050      1762.1111        -4.2723         5.6570         3.0715
 16860.0      5294.6196      3576.7352      1942.0087        -4.7084         5.3829         2.9227
 16920.0      4999.5915      3890.8393      2112.5533        -5.1219         5.0830         2.7598
 16980.0      4680.4846      4186.2044      2272.9235        -5.5107         4.7586         2.5837
 17040.0      4338.8357      4461.4081      2422.3470        -5.8730         4.4112         2.3951
 17100.0      3976.2903      4715.1250      2560.1040        -6.2070         4.0426         2.1950
 17160.0      3594.5944      4946.1330      2685.5311        -6.5111         3.6546         1.9843
 17220.0      3195.5863      5153.3197      2798.0243        -6.7838         3.2489         1.7640
 17280.0      2781.1878      5335.6871      2897.0417        -7.0239         2.8276         1.5353
 17340.0      2353.3946      5492.3569      2982.1065        -7.2301         2.3927         1.2991
 17400.0      1914.2670      5622.5747      3052.8089        -7.4016         1.9462         1.0567
 17460.0      1465.9201      5725.7131      3108.8086        -7.5373         1.4904         0.8092
 17520.0      1010.5130      5801.2756      3149.8357        -7.6368         1.0274         0.5578
 17580.0       550.2391      5848.8982      3175.6926        -7.6995         0.5594         0.3037
 17640.0        87.3152      5868.3515      3186.2549        -7.7251         0.0888         0.0482
 17700.0      -376.0292      5859.5419      3181.4717        -7.7135        -0.3823        -0.2076
 17760.0      -837.5627      5822.5117      3161.3659        -7.6648        -0.8515        -0.4623
 17820.0     -1295.0622      5757.4393      3126.0345        -7.5791        -1.3167        -0.7149
 17880.0     -1746.3246      5664.6381      3075.6475        -7.4569        -1.7755        -0.9640
 17940.0     -2189.1763      5544.5550      3010.4477        -7.2989        -2.2257        -1.2085
 18000.0     -2621.4846      5397.7684      2930.7491        -7.1056        -2.6652        -1.4471
 18060.0     -3041.1674      5224.9852      2836.9355        -6.8782        -3.0919        -1.6788
 18120.0     -3446.2034      5027.0376      2729.4587        -6.6176        -3.5037        -1.9024
 18180.0     -3834.6418      4804.8789      2608.8364        -6.3252        -3.8986        -2.1168
 18240.0     -4204.6120      4559.5791      2475.6495        -6.0022        -4.2748        -2.3210
 18300.0     -4554.3320      4292.3196      2330.5394        -5.6504        -4.6303        -2.5141
 18360.0     -4882.1176      4004.3875      2174.2050        -5.2714        -4.9636        -2.6950
 18420.0     -5186.3901      3697.1696      2007.3993        -4.8670        -5.2729        -2.8630
 18480.0     -5465.6839      3372.1454      1830.9256        -4.4391        -5.5569        -3.0171
 18540.0     -5718.6541      3030.8805      1645.6338        -3.9899        -5.8141        -3.1568
 18600.0     -5944.0823      2675.0182      1452.4164        -3.5214        -6.0433        -3.2812
 18660.0     -6140.8827      2306.2726      1252.2039        -3.0360        -6.2433        -3.3899
 18720.0     -6308.1076      1926.4197      1045.9605        -2.5359        -6.4133        -3.4822
 18780.0     -6444.9515      1537.2887       834.6796        -2.0237        -6.5525        -3.5577
 18840.0     -6550.7553      1140.7539       619.3788        -1.5017        -6.6600        -3.6161
 18900.0     -6625.0096       738.7250       401.0949        -0.9725        -6.7355        -3.6571
 18960.0     -6667.3566       333.1382       180.8793        -0.4385        -6.7786        -3.6805
 19020.0     -6677.5925       -74.0529       -40.2075         0.0975        -6.7890        -3.6861
 19080.0     -6655.6679      -480.8875      -261.1006         0.6330        -6.7667        -3.6740
 19140.0     -6601.6885      -885.4059      -480.7362         1.1656        -6.7118        -3.6442
 19200.0     -6515.9141     -1285.6601      -698.0565         1.6924        -6.6246        -3.5969
 19260.0     -6398.7580     -1679.7224      -912.0148         2.2112        -6.5055        -3.5322
 19320.0     -6250.7843     -2065.6948     -1121.5808         2.7193        -6.3551        -3.4505
 19380.0     -6072.7057     -2441.7184     -1325.7449         3.2143        -6.1740        -3.3522
 19440.0     -5865.3799     -2805.9823     -1523.5241         3.6938        -5.9632        -3.2378
 19500.0     -5629.8054     -3156.7321     -1713.9657         4.1555        -5.7237        -3.1077
 19560.0     -5367.1168     -3492.2786     -1896.1525         4.5972        -5.4567        -2.9627
 19620.0     -5078.5791     -3811.0055     -2069.2072         5.0168        -5.1633        -2.8034
 19680.0     -4765.5822     -4111.3781     -2232.2961         5.4122        -4.8451        -2.6307
 19740.0     -4429.6334     -4391.9495     -2384.6340         5.7816        -4.5035        -2.4452
 19800.0     -4072.3506     -4651.3685     -2525.4870         6.1231        -4.1403        -2.2480
 19860.0     -3695.4548     -4888.3856     -2654.1768         6.4351        -3.7571        -2.0399
 19920.0     -3300.7609     -5101.8595     -2770.0837         6.7161        -3.3558        -1.8221
 19980.0     -2890.1700     -5290.7619     -2872.6493         6.9648        -2.9384        -1.5954
 20040.0     -2465.6596     -5454.1831     -2961.3798         7.1799        -2.5068        -1.3611
 20100.0     -2029.2741     -5591.3360     -3035.8478         7.3604        -2.0631        -1.1202
 20160.0     -1583.1153     -5701.5601     -3095.6945         7.5055        -1.6095        -0.8739
 20220.0     -1129.3320     -5784.3244     -3140.6319         7.6145        -1.1482        -0.6234
 20280.0      -670.1095     -5839.2305     -3170.4435         7.6868        -0.6813        -0.3699
 20340.0      -207.6597     -5866.0138     -3184.9856         7.7220        -0.2111        -0.1146
 20400.0       255.7902     -5864.5454     -3184.1883         7.7201         0.2601         0.1412
 20460.0       718.0082     -5834.8323     -3168.0554         7.6810         0.7300         0.3963
 20520.0      1176.7681     -5777.0177     -3136.6647         7.6049         1.1964         0.6496
 20580.0      1629.8605     -5691.3800     -3090.1672         7.4921         1.6570         0.8997
 20640.0      2075.1032     -5578.3316     -3028.7869         7.3433         2.1097         1.1455
 20700.0      2510.3519     -5438.4170     -2952.8195         7.1591         2.5522         1.3857
 20760.0      2933.5103     -5272.3101     -2862.6308         6.9405         2.9824         1.6193
 20820.0      3342.5404     -5080.8109     -2758.6552         6.6884         3.3983         1.8451
 20880.0      3735.4723     -4864.8416     -2641.3935         6.4041         3.7978         2.0620
 20940.0      4110.4135     -4625.4424     -2511.4103         6.0889         4.1790         2.2690
 21000.0      4465.5583     -4363.7663     -2369.3318         5.7445         4.5401         2.4650
 21060.0      4799.1962     -4081.0736     -2215.8422         5.3723         4.8793         2.6492
 21120.0      5109.7204     -3778.7258     -2051.6807         4.9743         5.1950         2.8206
 21180.0      5395.6353     -3458.1789     -1877.6380         4.5524         5.4856         2.9785
 21240.0      5655.5639     -3120.9770     -1694.5522         4.1085         5.7499         3.1219
 21300.0      5888.2544     -2768.7438     -1503.3052         3.6448         5.9865         3.2504
 21360.0      6092.5861     -2403.1760     -1304.8181         3.1635         6.1942         3.3632
 21420.0      6267.5748     -2026.0340     -1100.0467         2.6671         6.3721         3.4598
 21480.0      6412.3779     -1639.1344      -889.9773         2.1578         6.5193         3.5397
 21540.0      6526.2980     -1244.3404      -675.6217         1.6381         6.6352         3.6026
 21600.0      6608.7862      -843.5534      -458.0121         1.1105         6.7190         3.6481
